1B(5,5)(13,12)(8,17)(1,10)(5,5)F
2B(20,20)(30,20)(20,40)(10,40)(20,20)(40,22)(50,32)(30,32)(40,22)F
3B(15,15)(22,15)(25,20)(20,25)(15,20)(15,15)F
4B(15,15)(22,15)(25,20)(20,25)(15,20)(15,15)(5,5)(13,5)(15,10)(10,15)(5,10)(5,5)F
5B(25,25)(30,25)(30,30)(25,30)(5,5)(10,5)(15,10)(15,15)(10,20)(5,20)(0,15)(0,10)(5,5)F
6B(5,5)(13,12)(8,17)(1,10)(5,5)(50,50)(60,50)(65,70)(45,70)(50,50)F
7B(3,5)(10,12)(3,15)(3,7)(3,5)F
8B(3,5)(11,13)(5,16)(2,9)(3,5)F
9B(110,110)(110,130)(130,130)(130,110)(110,110)F
10B(20,20)(30,20)(20,40)(10,40)(20,20)(40,22)(50,32)(30,32)(40,22)F
11B(4,7)(10,12)(22,20)(7,30)(4,7)F

